     1     1     1     0     1
   984     1    F    F
    6371.43000000       0.57886637      -2.03075865
    6370.33945570       0.57907088      -2.03096747
    6370.29827732       0.57907937      -2.03097407
    6370.25551463       0.57908811      -2.03098075
    6370.21108696       0.57909710      -2.03098751
    6370.16490655       0.57910633      -2.03099433
    6370.11687767       0.57911580      -2.03100123
    6370.09213215       0.57912063      -2.03100471
    6370.06688411       0.57912551      -2.03100821
    6370.04111883       0.57913045      -2.03101172
    6369.98824731       0.57914050      -2.03101881
    6369.93475980       0.57915066      -2.03102596
    6369.88181741       0.57916077      -2.03103316
    6369.82947959       0.57917077      -2.03104041
    6369.77772549       0.57918069      -2.03104770
    6369.72653526       0.57919052      -2.03105503
    6369.67588998       0.57920028      -2.03106240
    6369.62577164       0.57920996      -2.03106982
    6369.57616305       0.57921958      -2.03107728
    6369.47839845       0.57923864      -2.03109232
    6369.38248682       0.57925750      -2.03110752
    6369.28831821       0.57927620      -2.03112288
    6369.19579335       0.57929478      -2.03113841
    6369.10482292       0.57931328      -2.03115409
    6369.01532686       0.57933172      -2.03116992
    6368.92723383       0.57935014      -2.03118591
    6368.84048077       0.57936857      -2.03120204
    6368.75501240       0.57938704      -2.03121832
    6368.67078093       0.57940556      -2.03123474
    6368.58774577       0.57942417      -2.03125131
    6368.50587322       0.57944289      -2.03126801
    6368.42513629       0.57946174      -2.03128485
    6368.34551452       0.57948073      -2.03130183
    6368.26699376       0.57949988      -2.03131895
    6368.18956609       0.57951921      -2.03133620
    6368.11322966       0.57953873      -2.03135358
    6368.03798853       0.57955845      -2.03137111
    6367.96382368       0.57957837      -2.03138876
    6367.89064475       0.57959852      -2.03140654
    6367.81833225       0.57961890      -2.03142443
    6367.74681525       0.57963938      -2.03144244
    6367.67609214       0.57965983      -2.03146053
    6367.60635309       0.57968022      -2.03147863
    6367.53772506       0.57970054      -2.03149665
    6367.47013752       0.57972080      -2.03151461
    6367.40352121       0.57974101      -2.03153251
    6367.33780793       0.57976117      -2.03155034
    6367.27293034       0.57978130      -2.03156813
    6367.20882181       0.57980140      -2.03158586
    6367.14541618       0.57982147      -2.03160354
    6367.08264765       0.57984152      -2.03162117
    6367.02045057       0.57986157      -2.03163876
    6366.95875930       0.57988161      -2.03165630
    6366.89750806       0.57990165      -2.03167381
    6366.83663076       0.57992169      -2.03169127
    6366.77606086       0.57994175      -2.03170870
    6366.71573120       0.57996182      -2.03172608
    6366.65557391       0.57998192      -2.03174343
    6366.59552019       0.58000203      -2.03176075
    6366.53550022       0.58002218      -2.03177803
    6366.47544301       0.58004236      -2.03179527
    6366.41527623       0.58006257      -2.03181247
    6366.35492608       0.58008282      -2.03182964
    6366.29432940       0.58010310      -2.03184678
    6366.23346200       0.58012335      -2.03186390
    6366.17230671       0.58014353      -2.03188101
    6366.11082720       0.58016366      -2.03189812
    6366.04898818       0.58018373      -2.03191523
    6365.98683354       0.58020374      -2.03193233
    6365.92469962       0.58022372      -2.03194944
    6365.86284967       0.58024366      -2.03196656
    6365.80125275       0.58026357      -2.03198369
    6365.73987804       0.58028345      -2.03200083
    6365.67869479       0.58030331      -2.03201799
    6365.61770006       0.58032313      -2.03203515
    6365.55692593       0.58034294      -2.03205231
    6365.49637743       0.58036271      -2.03206944
    6365.43602543       0.58038246      -2.03208656
    6365.37584127       0.58040219      -2.03210367
    6365.31579676       0.58042190      -2.03212075
    6365.25586409       0.58044158      -2.03213783
    6365.19601593       0.58046125      -2.03215489
    6365.13622532       0.58048090      -2.03217193
    6365.07646569       0.58050052      -2.03218897
    6365.01671088       0.58052014      -2.03220599
    6364.95693510       0.58053973      -2.03222300
    6364.89711293       0.58055931      -2.03224001
    6364.83725563       0.58057887      -2.03225701
    6364.77748233       0.58059840      -2.03227401
    6364.71790283       0.58061790      -2.03229103
    6364.65854623       0.58063738      -2.03230807
    6364.59944384       0.58065682      -2.03232514
    6364.54062922       0.58067624      -2.03234223
    6364.48213820       0.58069563      -2.03235935
    6364.42400884       0.58071501      -2.03237650
    6364.36628147       0.58073436      -2.03239369
    6364.30899867       0.58075370      -2.03241092
    6364.25220529       0.58077302      -2.03242820
    6364.19594841       0.58079232      -2.03244553
    6364.14027736       0.58081162      -2.03246291
    6364.08524365       0.58083090      -2.03248036
    6364.03090102       0.58085018      -2.03249788
    6363.97730049       0.58086944      -2.03251547
    6363.92446236       0.58088870      -2.03253313
    6363.87237572       0.58090796      -2.03255086
    6363.82102510       0.58092721      -2.03256867
    6363.77039411       0.58094645      -2.03258656
    6363.72043779       0.58096568      -2.03260451
    6363.67105198       0.58098492      -2.03262249
    6363.62214982       0.58100416      -2.03264046
    6363.57369451       0.58102341      -2.03265844
    6363.52565071       0.58104267      -2.03267641
    6363.47786551       0.58106194      -2.03269437
    6363.43012849       0.58108121      -2.03271230
    6363.38236489       0.58110050      -2.03273018
    6363.33457336       0.58111979      -2.03274803
    6363.28675301       0.58113909      -2.03276584
    6363.23890335       0.58115840      -2.03278362
    6363.19102431       0.58117772      -2.03280138
    6363.14311630       0.58119705      -2.03281911
    6363.09518010       0.58121639      -2.03283682
    6363.04721699       0.58123575      -2.03285451
    6362.99922865       0.58125511      -2.03287219
    6362.95121723       0.58127448      -2.03288986
    6362.90318531       0.58129386      -2.03290752
    6362.85513594       0.58131325      -2.03292517
    6362.80707261       0.58133266      -2.03294283
    6362.75899928       0.58135207      -2.03296048
    6362.71092036       0.58137148      -2.03297815
    6362.66284075       0.58139091      -2.03299582
    6362.61476578       0.58141035      -2.03301350
    6362.56670128       0.58142979      -2.03303120
    6362.51865355       0.58144924      -2.03304892
    6362.47062935       0.58146869      -2.03306666
    6362.42263594       0.58148814      -2.03308443
    6362.37468104       0.58150760      -2.03310223
    6362.32677229       0.58152707      -2.03312006
    6362.27890544       0.58154653      -2.03313792
    6362.23107778       0.58156601      -2.03315580
    6362.18330158       0.58158549      -2.03317369
    6362.13559211       0.58160499      -2.03319160
    6362.08796201       0.58162451      -2.03320949
    6362.04041983       0.58164405      -2.03322739
    6361.99298162       0.58166360      -2.03324528
    6361.94570264       0.58168318      -2.03326317
    6361.89862501       0.58170278      -2.03328106
    6361.85174575       0.58172239      -2.03329896
    6361.80506205       0.58174203      -2.03331686
    6361.75857127       0.58176168      -2.03333476
    6361.71227093       0.58178135      -2.03335268
    6361.66615873       0.58180104      -2.03337060
    6361.62023254       0.58182074      -2.03338853
    6361.57449039       0.58184047      -2.03340648
    6361.52893050       0.58186021      -2.03342444
    6361.48355124       0.58187997      -2.03344242
    6361.43835114       0.58189974      -2.03346041
    6361.39332892       0.58191953      -2.03347843
    6361.34848345       0.58193934      -2.03349647
    6361.30381377       0.58195916      -2.03351453
    6361.25931910       0.58197900      -2.03353262
    6361.21499880       0.58199885      -2.03355074
    6361.17081992       0.58201871      -2.03356888
    6361.12674031       0.58203856      -2.03358703
    6361.08274977       0.58205841      -2.03360521
    6361.03884587       0.58207825      -2.03362341
    6360.99502614       0.58209809      -2.03364163
    6360.95128810       0.58211792      -2.03365987
    6360.90762918       0.58213774      -2.03367815
    6360.86404680       0.58215755      -2.03369645
    6360.82053832       0.58217736      -2.03371478
    6360.77710107       0.58219717      -2.03373314
    6360.73373341       0.58221696      -2.03375152
    6360.69043489       0.58223676      -2.03376990
    6360.64720483       0.58225656      -2.03378826
    6360.60404208       0.58227636      -2.03380661
    6360.56094547       0.58229616      -2.03382494
    6360.51791377       0.58231597      -2.03384327
    6360.47494572       0.58233578      -2.03386158
    6360.43204000       0.58235559      -2.03387989
    6360.38919527       0.58237541      -2.03389819
    6360.34641011       0.58239523      -2.03391648
    6360.30368309       0.58241506      -2.03393476
    6360.26101272       0.58243489      -2.03395304
    6360.21839744       0.58245473      -2.03397132
    6360.17583567       0.58247458      -2.03398959
    6360.13330940       0.58249443      -2.03400785
    6360.09079611       0.58251429      -2.03402611
    6360.04829058       0.58253414      -2.03404436
    6360.00579266       0.58255398      -2.03406260
    6359.96333838       0.58257383      -2.03408084
    6359.92097035       0.58259367      -2.03409907
    6359.87869520       0.58261351      -2.03411729
    6359.83651396       0.58263334      -2.03413551
    6359.79442771       0.58265317      -2.03415372
    6359.75243758       0.58267300      -2.03417194
    6359.71054474       0.58269282      -2.03419015
    6359.66875041       0.58271264      -2.03420836
    6359.62705585       0.58273245      -2.03422658
    6359.58546237       0.58275226      -2.03424481
    6359.54397131       0.58277207      -2.03426304
    6359.50258408       0.58279187      -2.03428128
    6359.46130210       0.58281167      -2.03429953
    6359.42013243       0.58283147      -2.03431779
    6359.37908993       0.58285126      -2.03433605
    6359.33818314       0.58287106      -2.03435431
    6359.29741188       0.58289086      -2.03437257
    6359.25677565       0.58291066      -2.03439084
    6359.21627360       0.58293046      -2.03440911
    6359.17590458       0.58295026      -2.03442738
    6359.13567082       0.58297007      -2.03444565
    6359.09557457       0.58298988      -2.03446393
    6359.05561284       0.58300969      -2.03448220
    6359.01578091       0.58302950      -2.03450048
    6358.97607384       0.58304931      -2.03451877
    6358.93648656       0.58306912      -2.03453706
    6358.89701378       0.58308894      -2.03455536
    6358.85765007       0.58310875      -2.03457366
    6358.81838979       0.58312857      -2.03459197
    6358.77922713       0.58314839      -2.03461029
    6358.74015610       0.58316821      -2.03462863
    6358.70117050       0.58318803      -2.03464697
    6358.66226399       0.58320786      -2.03466533
    6358.62342998       0.58322768      -2.03468371
    6358.58466174       0.58324751      -2.03470210
    6358.54595230       0.58326734      -2.03472050
    6358.50729454       0.58328718      -2.03473892
    6358.46868110       0.58330702      -2.03475737
    6358.43010443       0.58332686      -2.03477583
    6358.39155678       0.58334670      -2.03479431
    6358.35303019       0.58336655      -2.03481282
    6358.31451647       0.58338640      -2.03483135
    6358.27600722       0.58340626      -2.03484991
    6358.23749383       0.58342611      -2.03486849
    6358.19899072       0.58344597      -2.03488709
    6358.16054232       0.58346583      -2.03490570
    6358.12217157       0.58348568      -2.03492432
    6358.08387297       0.58350552      -2.03494293
    6358.04564097       0.58352536      -2.03496155
    6358.00747004       0.58354520      -2.03498017
    6357.96937218       0.58356502      -2.03499879
    6357.93136534       0.58358485      -2.03501741
    6357.89345148       0.58360466      -2.03503603
    6357.85562863       0.58362447      -2.03505465
    6357.81789497       0.58364427      -2.03507327
    6357.78024882       0.58366407      -2.03509189
    6357.74268867       0.58368386      -2.03511051
    6357.70521315       0.58370365      -2.03512914
    6357.66782104       0.58372342      -2.03514777
    6357.63051129       0.58374319      -2.03516640
    6357.59328298       0.58376296      -2.03518503
    6357.55613535       0.58378272      -2.03520366
    6357.51906780       0.58380247      -2.03522230
    6357.48207988       0.58382222      -2.03524094
    6357.44517128       0.58384196      -2.03525959
    6357.40834185       0.58386170      -2.03527824
    6357.37159159       0.58388143      -2.03529689
    6357.33492066       0.58390116      -2.03531554
    6357.29834433       0.58392087      -2.03533420
    6357.26188654       0.58394058      -2.03535286
    6357.22555561       0.58396026      -2.03537152
    6357.18935063       0.58397993      -2.03539019
    6357.15327079       0.58399959      -2.03540885
    6357.11731532       0.58401922      -2.03542752
    6357.08148356       0.58403884      -2.03544620
    6357.04579222       0.58405844      -2.03546487
    6357.01026512       0.58407803      -2.03548353
    6356.97490816       0.58409760      -2.03550218
    6356.93971980       0.58411716      -2.03552082
    6356.90469866       0.58413670      -2.03553945
    6356.86984357       0.58415623      -2.03555806
    6356.83515350       0.58417574      -2.03557667
    6356.80062763       0.58419524      -2.03559526
    6356.76626527       0.58421472      -2.03561384
    6356.73206594       0.58423418      -2.03563242
    6356.69802930       0.58425363      -2.03565098
    6356.66415520       0.58427307      -2.03566954
    6356.63044364       0.58429248      -2.03568808
    6356.59689479       0.58431188      -2.03570662
    6356.56350898       0.58433127      -2.03572515
    6356.53028670       0.58435064      -2.03574367
    6356.49722861       0.58436999      -2.03576219
    6356.46433573       0.58438932      -2.03578069
    6356.43160928       0.58440864      -2.03579918
    6356.39904924       0.58442794      -2.03581767
    6356.36665445       0.58444723      -2.03583614
    6356.33442390       0.58446651      -2.03585460
    6356.30235675       0.58448577      -2.03587306
    6356.27045227       0.58450502      -2.03589151
    6356.23870989       0.58452426      -2.03590995
    6356.20712917       0.58454348      -2.03592838
    6356.17570982       0.58456268      -2.03594681
    6356.14445167       0.58458187      -2.03596524
    6356.11335471       0.58460104      -2.03598366
    6356.08241903       0.58462020      -2.03600208
    6356.05164489       0.58463935      -2.03602049
    6356.02104457       0.58465848      -2.03603890
    6355.99064350       0.58467760      -2.03605731
    6355.96048121       0.58469671      -2.03607570
    6355.93058347       0.58471580      -2.03609409
    6355.90094984       0.58473488      -2.03611248
    6355.87158002       0.58475395      -2.03613085
    6355.84247380       0.58477300      -2.03614922
    6355.81363107       0.58479204      -2.03616758
    6355.78505184       0.58481106      -2.03618593
    6355.75673623       0.58483007      -2.03620428
    6355.72868444       0.58484907      -2.03622262
    6355.70089378       0.58486805      -2.03624095
    6355.67335540       0.58488703      -2.03625927
    6355.64606290       0.58490600      -2.03627758
    6355.61901562       0.58492498      -2.03629589
    6355.59221305       0.58494395      -2.03631418
    6355.56565483       0.58496293      -2.03633247
    6355.53934077       0.58498190      -2.03635074
    6355.51327082       0.58500088      -2.03636901
    6355.48744508       0.58501985      -2.03638727
    6355.46186380       0.58503883      -2.03640552
    6355.43652738       0.58505780      -2.03642376
    6355.41143635       0.58507677      -2.03644200
    6355.38659137       0.58509574      -2.03646022
    6355.36199325       0.58511472      -2.03647845
    6355.33764291       0.58513369      -2.03649666
    6355.31354143       0.58515266      -2.03651487
    6355.28968999       0.58517163      -2.03653307
    6355.26608989       0.58519060      -2.03655126
    6355.24274257       0.58520958      -2.03656945
    6355.21964956       0.58522855      -2.03658764
    6355.19681935       0.58524752      -2.03660582
    6355.17426364       0.58526649      -2.03662399
    6355.15198739       0.58528546      -2.03664216
    6355.12999261       0.58530443      -2.03666033
    6355.10828143       0.58532340      -2.03667849
    6355.08685469       0.58534237      -2.03669664
    6355.06570785       0.58536134      -2.03671479
    6355.04483628       0.58538032      -2.03673293
    6355.02423948       0.58539930      -2.03675107
    6355.00391707       0.58541829      -2.03676919
    6354.98386882       0.58543728      -2.03678731
    6354.96409462       0.58545628      -2.03680542
    6354.94459448       0.58547529      -2.03682352
    6354.92536855       0.58549430      -2.03684162
    6354.90641706       0.58551332      -2.03685971
    6354.88774042       0.58553234      -2.03687779
    6354.86933909       0.58555138      -2.03689587
    6354.85121370       0.58557042      -2.03691393
    6354.83336495       0.58558946      -2.03693200
    6354.81579365       0.58560852      -2.03695005
    6354.79850074       0.58562759      -2.03696810
    6354.78148724       0.58564666      -2.03698614
    6354.76475427       0.58566574      -2.03700418
    6354.74830306       0.58568483      -2.03702221
    6354.73213492       0.58570393      -2.03704023
    6354.71625125       0.58572304      -2.03705825
    6354.70065355       0.58574217      -2.03707627
    6354.68534339       0.58576130      -2.03709428
    6354.67032244       0.58578044      -2.03711228
    6354.65559243       0.58579959      -2.03713028
    6354.64114931       0.58581876      -2.03714827
    6354.62696287       0.58583794      -2.03716626
    6354.61297159       0.58585712      -2.03718425
    6354.59913945       0.58587631      -2.03720223
    6354.58546666       0.58589551      -2.03722021
    6354.57195338       0.58591473      -2.03723820
    6354.55859970       0.58593395      -2.03725618
    6354.54540563       0.58595318      -2.03727416
    6354.53237114       0.58597243      -2.03729214
    6354.51949611       0.58599168      -2.03731013
    6354.50678038       0.58601095      -2.03732812
    6354.49422373       0.58603023      -2.03734611
    6354.48182586       0.58604952      -2.03736410
    6354.46958645       0.58606883      -2.03738210
    6354.45750512       0.58608814      -2.03740010
    6354.44558142       0.58610748      -2.03741811
    6354.43381489       0.58612682      -2.03743612
    6354.42220498       0.58614619      -2.03745414
    6354.41075114       0.58616556      -2.03747217
    6354.39945275       0.58618495      -2.03749020
    6354.38830917       0.58620436      -2.03750824
    6354.37731970       0.58622378      -2.03752629
    6354.36648364       0.58624322      -2.03754435
    6354.35580021       0.58626268      -2.03756242
    6354.34526864       0.58628215      -2.03758050
    6354.33487823       0.58630164      -2.03759858
    6354.32461129       0.58632114      -2.03761667
    6354.31446165       0.58634065      -2.03763476
    6354.30443185       0.58636017      -2.03765284
    6354.29452453       0.58637970      -2.03767093
    6354.28474240       0.58639923      -2.03768902
    6354.27508828       0.58641877      -2.03770711
    6354.26556505       0.58643831      -2.03772520
    6354.25616186       0.58645786      -2.03774330
    6354.24685391       0.58647742      -2.03776139
    6354.23763242       0.58649698      -2.03777949
    6354.22850483       0.58651655      -2.03779758
    6354.21947888       0.58653614      -2.03781568
    6354.21056254       0.58655573      -2.03783379
    6354.20176410       0.58657532      -2.03785190
    6354.19309205       0.58659492      -2.03787001
    6354.18455519       0.58661453      -2.03788814
    6354.17616253       0.58663415      -2.03790627
    6354.16792332       0.58665377      -2.03792441
    6354.15984705       0.58667340      -2.03794256
    6354.15194341       0.58669303      -2.03796073
    6354.14422230       0.58671267      -2.03797891
    6354.13669380       0.58673231      -2.03799710
    6354.12936818       0.58675195      -2.03801530
    6354.12224638       0.58677160      -2.03803353
    6354.11529156       0.58679125      -2.03805176
    6354.10847253       0.58681092      -2.03807000
    6354.10179233       0.58683059      -2.03808825
    6354.09525392       0.58685027      -2.03810651
    6354.08886020       0.58686995      -2.03812478
    6354.08261401       0.58688965      -2.03814307
    6354.07651811       0.58690934      -2.03816136
    6354.07057521       0.58692905      -2.03817966
    6354.06478795       0.58694876      -2.03819798
    6354.05915891       0.58696847      -2.03821631
    6354.05369062       0.58698818      -2.03823465
    6354.04838553       0.58700790      -2.03825301
    6354.04324604       0.58702762      -2.03827138
    6354.03827450       0.58704734      -2.03828976
    6354.03346846       0.58706706      -2.03830816
    6354.02879744       0.58708678      -2.03832657
    6354.02423478       0.58710651      -2.03834498
    6354.01978091       0.58712625      -2.03836339
    6354.01543624       0.58714599      -2.03838181
    6354.01120119       0.58716573      -2.03840023
    6354.00707616       0.58718548      -2.03841866
    6354.00306151       0.58720523      -2.03843709
    6353.99915666       0.58722497      -2.03845553
    6353.99535718       0.58724472      -2.03847397
    6353.99164955       0.58726447      -2.03849243
    6353.98802524       0.58728420      -2.03851088
    6353.98448736       0.58730393      -2.03852933
    6353.98103897       0.58732366      -2.03854779
    6353.97768315       0.58734337      -2.03856625
    6353.97442297       0.58736308      -2.03858472
    6353.97126146       0.58738277      -2.03860319
    6353.96820168       0.58740246      -2.03862167
    6353.96524665       0.58742215      -2.03864015
    6353.96239939       0.58744182      -2.03865864
    6353.95966293       0.58746148      -2.03867714
    6353.95704025       0.58748113      -2.03869564
    6353.95453437       0.58750078      -2.03871415
    6353.95214827       0.58752041      -2.03873268
    6353.94988492       0.58754003      -2.03875121
    6353.94774730       0.58755965      -2.03876975
    6353.94573838       0.58757925      -2.03878830
    6353.94386111       0.58759884      -2.03880686
    6353.94211844       0.58761842      -2.03882544
    6353.94051333       0.58763799      -2.03884402
    6353.93904870       0.58765755      -2.03886262
    6353.93772500       0.58767709      -2.03888124
    6353.93653510       0.58769663      -2.03889985
    6353.93547312       0.58771616      -2.03891847
    6353.93449768       0.58773569      -2.03893708
    6353.93355671       0.58775520      -2.03895569
    6353.93264116       0.58777469      -2.03897429
    6353.93175375       0.58779417      -2.03899289
    6353.93089720       0.58781364      -2.03901148
    6353.93007422       0.58783308      -2.03903007
    6353.92928753       0.58785252      -2.03904866
    6353.92853983       0.58787193      -2.03906724
    6353.92783381       0.58789133      -2.03908583
    6353.92717217       0.58791071      -2.03910440
    6353.92655758       0.58793008      -2.03912298
    6353.92599272       0.58794943      -2.03914155
    6353.92548025       0.58796876      -2.03916013
    6353.92502282       0.58798807      -2.03917870
    6353.92462307       0.58800736      -2.03919727
    6353.92428363       0.58802664      -2.03921585
    6353.92400711       0.58804590      -2.03923442
    6353.92379610       0.58806513      -2.03925299
    6353.92365320       0.58808435      -2.03927157
    6353.92358097       0.58810355      -2.03929014
    6353.92358197       0.58812273      -2.03930872
    6353.92365871       0.58814189      -2.03932730
    6353.92381372       0.58816103      -2.03934589
    6353.92404950       0.58818015      -2.03936448
    6353.92436541       0.58819925      -2.03938307
    6353.92473754       0.58821833      -2.03940166
    6353.92514310       0.58823739      -2.03942027
    6353.92558058       0.58825644      -2.03943888
    6353.92604278       0.58827548      -2.03945750
    6353.92651957       0.58829451      -2.03947612
    6353.92700850       0.58831353      -2.03949474
    6353.92751184       0.58833253      -2.03951336
    6353.92803189       0.58835153      -2.03953198
    6353.92857093       0.58837052      -2.03955060
    6353.92913128       0.58838949      -2.03956922
    6353.92971525       0.58840845      -2.03958785
    6353.93032516       0.58842740      -2.03960648
    6353.93096335       0.58844634      -2.03962511
    6353.93163215       0.58846526      -2.03964375
    6353.93233394       0.58848417      -2.03966240
    6353.93307107       0.58850306      -2.03968106
    6353.93384595       0.58852194      -2.03969973
    6353.93466096       0.58854081      -2.03971840
    6353.93551854       0.58855965      -2.03973709
    6353.93642111       0.58857848      -2.03975580
    6353.93737114       0.58859730      -2.03977451
    6353.93837109       0.58861609      -2.03979324
    6353.93942347       0.58863487      -2.03981199
    6353.94053079       0.58865363      -2.03983075
    6353.94169559       0.58867237      -2.03984953
    6353.94294456       0.58869109      -2.03986833
    6353.94430605       0.58870981      -2.03988712
    6353.94578437       0.58872853      -2.03990592
    6353.94738248       0.58874724      -2.03992473
    6353.94910339       0.58876594      -2.03994353
    6353.95095011       0.58878464      -2.03996235
    6353.95292568       0.58880333      -2.03998117
    6353.95503319       0.58882201      -2.04000000
    6353.95727569       0.58884068      -2.04001883
    6353.95965482       0.58885935      -2.04003767
    6353.96217137       0.58887802      -2.04005650
    6353.96482665       0.58889669      -2.04007532
    6353.96762198       0.58891536      -2.04009414
    6353.97055870       0.58893403      -2.04011295
    6353.97363815       0.58895270      -2.04013176
    6353.97686172       0.58897136      -2.04015056
    6353.98023079       0.58899002      -2.04016937
    6353.98374679       0.58900868      -2.04018817
    6353.98741115       0.58902733      -2.04020698
    6353.99122531       0.58904597      -2.04022578
    6353.99519076       0.58906461      -2.04024459
    6353.99930898       0.58908324      -2.04026340
    6354.00357768       0.58910186      -2.04028222
    6354.00799355       0.58912048      -2.04030104
    6354.01255655       0.58913908      -2.04031986
    6354.01726302       0.58915768      -2.04033869
    6354.02210307       0.58917627      -2.04035751
    6354.02707112       0.58919485      -2.04037634
    6354.03216769       0.58921343      -2.04039516
    6354.03739333       0.58923200      -2.04041398
    6354.04274857       0.58925056      -2.04043280
    6354.04823397       0.58926912      -2.04045162
    6354.05385008       0.58928767      -2.04047044
    6354.05959749       0.58930621      -2.04048927
    6354.06547677       0.58932474      -2.04050810
    6354.07148854       0.58934326      -2.04052693
    6354.07763341       0.58936177      -2.04054576
    6354.08391201       0.58938027      -2.04056461
    6354.09032499       0.58939876      -2.04058345
    6354.09686847       0.58941724      -2.04060230
    6354.10353651       0.58943572      -2.04062114
    6354.11032713       0.58945420      -2.04063996
    6354.11723988       0.58947267      -2.04065878
    6354.12427433       0.58949114      -2.04067758
    6354.13143005       0.58950960      -2.04069637
    6354.13870665       0.58952806      -2.04071516
    6354.14610373       0.58954652      -2.04073394
    6354.15362091       0.58956497      -2.04075271
    6354.16125783       0.58958342      -2.04077148
    6354.16901415       0.58960185      -2.04079024
    6354.17688953       0.58962029      -2.04080900
    6354.18487998       0.58963872      -2.04082776
    6354.19297997       0.58965714      -2.04084650
    6354.20118802       0.58967557      -2.04086523
    6354.20950451       0.58969399      -2.04088395
    6354.21792985       0.58971241      -2.04090266
    6354.22646443       0.58973083      -2.04092136
    6354.23510868       0.58974924      -2.04094005
    6354.24386304       0.58976765      -2.04095874
    6354.25272796       0.58978605      -2.04097742
    6354.26170392       0.58980445      -2.04099609
    6354.27079138       0.58982284      -2.04101476
    6354.27999085       0.58984122      -2.04103343
    6354.28930285       0.58985960      -2.04105209
    6354.29872789       0.58987796      -2.04107076
    6354.30826654       0.58989632      -2.04108942
    6354.31791935       0.58991466      -2.04110809
    6354.32768691       0.58993300      -2.04112676
    6354.33756982       0.58995132      -2.04114543
    6354.34756874       0.58996963      -2.04116410
    6354.35768415       0.58998793      -2.04118277
    6354.36791592       0.59000623      -2.04120142
    6354.37826360       0.59002453      -2.04122005
    6354.38872676       0.59004282      -2.04123868
    6354.39930497       0.59006111      -2.04125729
    6354.40999785       0.59007939      -2.04127590
    6354.42080499       0.59009766      -2.04129449
    6354.43172727       0.59011593      -2.04131307
    6354.44276608       0.59013421      -2.04133164
    6354.45392169       0.59015250      -2.04135018
    6354.46519392       0.59017080      -2.04136870
    6354.47658261       0.59018910      -2.04138720
    6354.48808766       0.59020740      -2.04140568
    6354.49970897       0.59022571      -2.04142414
    6354.51144650       0.59024402      -2.04144259
    6354.52330022       0.59026233      -2.04146102
    6354.53527016       0.59028065      -2.04147944
    6354.54735636       0.59029896      -2.04149785
    6354.55955891       0.59031728      -2.04151624
    6354.57187794       0.59033559      -2.04153462
    6354.58431361       0.59035391      -2.04155298
    6354.59686610       0.59037222      -2.04157134
    6354.60953567       0.59039052      -2.04158969
    6354.62232257       0.59040882      -2.04160802
    6354.63522714       0.59042712      -2.04162635
    6354.64824972       0.59044541      -2.04164468
    6354.66139071       0.59046369      -2.04166299
    6354.67465054       0.59048197      -2.04168131
    6354.68802969       0.59050023      -2.04169961
    6354.70152869       0.59051849      -2.04171792
    6354.71514851       0.59053674      -2.04173621
    6354.72889080       0.59055499      -2.04175450
    6354.74275673       0.59057323      -2.04177277
    6354.75674861       0.59059148      -2.04179102
    6354.77086937       0.59060974      -2.04180925
    6354.78511972       0.59062802      -2.04182746
    6354.79949939       0.59064631      -2.04184564
    6354.81400821       0.59066462      -2.04186379
    6354.82864609       0.59068294      -2.04188193
    6354.84341300       0.59070128      -2.04190004
    6354.85830902       0.59071963      -2.04191813
    6354.87333428       0.59073799      -2.04193621
    6354.88848902       0.59075637      -2.04195426
    6354.90377356       0.59077475      -2.04197229
    6354.91918830       0.59079314      -2.04199030
    6354.93473373       0.59081155      -2.04200829
    6354.95041042       0.59082996      -2.04202627
    6354.96621906       0.59084838      -2.04204423
    6354.98216040       0.59086680      -2.04206217
    6354.99823531       0.59088523      -2.04208010
    6355.01444474       0.59090367      -2.04209801
    6355.03078975       0.59092211      -2.04211591
    6355.04727150       0.59094056      -2.04213380
    6355.06389123       0.59095901      -2.04215167
    6355.08065030       0.59097746      -2.04216952
    6355.09755019       0.59099591      -2.04218737
    6355.11459245       0.59101437      -2.04220520
    6355.13177878       0.59103282      -2.04222302
    6355.14911096       0.59105127      -2.04224083
    6355.16658679       0.59106973      -2.04225863
    6355.18420269       0.59108820      -2.04227641
    6355.20195911       0.59110667      -2.04229418
    6355.21985669       0.59112516      -2.04231193
    6355.23789487       0.59114367      -2.04232965
    6355.25607369       0.59116219      -2.04234736
    6355.27439382       0.59118073      -2.04236504
    6355.29285603       0.59119929      -2.04238270
    6355.31146117       0.59121787      -2.04240034
    6355.33021019       0.59123646      -2.04241795
    6355.34910415       0.59125507      -2.04243555
    6355.36814418       0.59127369      -2.04245313
    6355.38733154       0.59129233      -2.04247069
    6355.40666758       0.59131098      -2.04248824
    6355.42615374       0.59132965      -2.04250576
    6355.44579159       0.59134833      -2.04252327
    6355.46558279       0.59136703      -2.04254077
    6355.48552912       0.59138573      -2.04255824
    6355.50563246       0.59140445      -2.04257571
    6355.52589481       0.59142318      -2.04259316
    6355.54631830       0.59144193      -2.04261059
    6355.56690516       0.59146068      -2.04262802
    6355.58765774       0.59147944      -2.04264543
    6355.60857852       0.59149821      -2.04266283
    6355.62967010       0.59151699      -2.04268021
    6355.65093238       0.59153578      -2.04269759
    6355.67235278       0.59155459      -2.04271496
    6355.69392090       0.59157340      -2.04273231
    6355.71563832       0.59159223      -2.04274966
    6355.73750670       0.59161108      -2.04276699
    6355.75952776       0.59162994      -2.04278431
    6355.78170330       0.59164881      -2.04280162
    6355.80403522       0.59166770      -2.04281892
    6355.82652548       0.59168661      -2.04283621
    6355.84917612       0.59170553      -2.04285348
    6355.87198927       0.59172447      -2.04287074
    6355.89496673       0.59174342      -2.04288799
    6355.91811063       0.59176239      -2.04290523
    6355.94142380       0.59178139      -2.04292245
    6355.96490924       0.59180040      -2.04293966
    6355.98857004       0.59181943      -2.04295686
    6356.01239653       0.59183849      -2.04297404
    6356.03636724       0.59185756      -2.04299122
    6356.06047347       0.59187665      -2.04300839
    6356.08471862       0.59189576      -2.04302556
    6356.10910614       0.59191489      -2.04304272
    6356.13363957       0.59193404      -2.04305987
    6356.15832255       0.59195321      -2.04307702
    6356.18315878       0.59197240      -2.04309417
    6356.20815208       0.59199160      -2.04311131
    6356.23330395       0.59201082      -2.04312845
    6356.25859668       0.59203007      -2.04314558
    6356.28401432       0.59204933      -2.04316272
    6356.30955982       0.59206861      -2.04317985
    6356.33523626       0.59208792      -2.04319698
    6356.36104682       0.59210725      -2.04321411
    6356.38699482       0.59212659      -2.04323124
    6356.41308367       0.59214596      -2.04324836
    6356.43931694       0.59216535      -2.04326548
    6356.46569828       0.59218476      -2.04328260
    6356.49223150       0.59220419      -2.04329972
    6356.51892052       0.59222364      -2.04331683
    6356.54576939       0.59224311      -2.04333393
    6356.57278231       0.59226260      -2.04335104
    6356.59996358       0.59228211      -2.04336814
    6356.62731768       0.59230164      -2.04338523
    6356.65484918       0.59232120      -2.04340233
    6356.68256283       0.59234077      -2.04341941
    6356.71046352       0.59236036      -2.04343649
    6356.73854947       0.59237997      -2.04345357
    6356.76681567       0.59239960      -2.04347064
    6356.79526375       0.59241925      -2.04348770
    6356.82389854       0.59243892      -2.04350475
    6356.85272489       0.59245861      -2.04352180
    6356.88174770       0.59247832      -2.04353884
    6356.91095768       0.59249805      -2.04355587
    6356.94033729       0.59251780      -2.04357290
    6356.96988241       0.59253756      -2.04358993
    6356.99959633       0.59255734      -2.04360696
    6357.02948236       0.59257713      -2.04362399
    6357.05954377       0.59259695      -2.04364101
    6357.08978383       0.59261678      -2.04365803
    6357.12020580       0.59263662      -2.04367505
    6357.15081291       0.59265649      -2.04369206
    6357.18160841       0.59267637      -2.04370907
    6357.21259549       0.59269627      -2.04372607
    6357.24377735       0.59271619      -2.04374307
    6357.27515718       0.59273613      -2.04376006
    6357.30673815       0.59275608      -2.04377705
    6357.33852339       0.59277605      -2.04379403
    6357.37051604       0.59279604      -2.04381101
    6357.40271922       0.59281604      -2.04382798
    6357.43513601       0.59283607      -2.04384494
    6357.46776950       0.59285611      -2.04386189
    6357.50062274       0.59287617      -2.04387884
    6357.53369876       0.59289625      -2.04389577
    6357.56700059       0.59291634      -2.04391270
    6357.60053121       0.59293645      -2.04392961
    6357.63429359       0.59295658      -2.04394652
    6357.66825773       0.59297673      -2.04396342
    6357.70238140       0.59299687      -2.04398031
    6357.73665427       0.59301702      -2.04399719
    6357.77107500       0.59303717      -2.04401407
    6357.80562040       0.59305732      -2.04403094
    6357.84026971       0.59307747      -2.04404781
    6357.87502456       0.59309763      -2.04406467
    6357.90988662       0.59311778      -2.04408152
    6357.94485752       0.59313794      -2.04409837
    6357.97993891       0.59315810      -2.04411521
    6358.01511938       0.59317826      -2.04413205
    6358.05037105       0.59319842      -2.04414888
    6358.08568039       0.59321858      -2.04416572
    6358.12105177       0.59323874      -2.04418255
    6358.15648969       0.59325890      -2.04419938
    6358.19199879       0.59327906      -2.04421621
    6358.22758386       0.59329922      -2.04423303
    6358.26324981       0.59331938      -2.04424986
    6358.29900170       0.59333955      -2.04426668
    6358.33484475       0.59335971      -2.04428350
    6358.37078430       0.59337988      -2.04430032
    6358.40682586       0.59340005      -2.04431714
    6358.44297507       0.59342022      -2.04433396
    6358.47923422       0.59344040      -2.04435077
    6358.51557793       0.59346057      -2.04436758
    6358.55198425       0.59348073      -2.04438440
    6358.58845894       0.59350089      -2.04440122
    6358.62500786       0.59352104      -2.04441804
    6358.66163694       0.59354118      -2.04443486
    6358.69835222       0.59356132      -2.04445168
    6358.73515978       0.59358145      -2.04446851
    6358.77206584       0.59360157      -2.04448533
    6358.80907668       0.59362169      -2.04450216
    6358.84619870       0.59364180      -2.04451899
    6358.88343837       0.59366191      -2.04453583
    6358.92080228       0.59368200      -2.04455266
    6358.95829711       0.59370210      -2.04456950
    6358.99592601       0.59372218      -2.04458634
    6359.03367487       0.59374226      -2.04460317
    6359.07153290       0.59376234      -2.04462001
    6359.10950652       0.59378242      -2.04463684
    6359.14760216       0.59380249      -2.04465367
    6359.18582623       0.59382255      -2.04467050
    6359.22418514       0.59384261      -2.04468733
    6359.26268532       0.59386267      -2.04470416
    6359.30133317       0.59388273      -2.04472098
    6359.34013513       0.59390278      -2.04473780
    6359.37908910       0.59392283      -2.04475463
    6359.41817996       0.59394288      -2.04477145
    6359.45740000       0.59396291      -2.04478827
    6359.49675338       0.59398294      -2.04480509
    6359.53624429       0.59400297      -2.04482192
    6359.57587693       0.59402298      -2.04483874
    6359.61565547       0.59404299      -2.04485557
    6359.65558414       0.59406299      -2.04487240
    6359.69566713       0.59408298      -2.04488923
    6359.73590868       0.59410297      -2.04490606
    6359.77631300       0.59412295      -2.04492290
    6359.81688435       0.59414292      -2.04493974
    6359.85762697       0.59416288      -2.04495658
    6359.89854512       0.59418284      -2.04497342
    6359.93964307       0.59420279      -2.04499027
    6359.98092511       0.59422273      -2.04500713
    6360.02240373       0.59424266      -2.04502399
    6360.06409907       0.59426259      -2.04504086
    6360.10602403       0.59428250      -2.04505774
    6360.14818459       0.59430241      -2.04507462
    6360.19058665       0.59432231      -2.04509152
    6360.23323603       0.59434219      -2.04510843
    6360.27613846       0.59436207      -2.04512536
    6360.31929957       0.59438194      -2.04514229
    6360.36269847       0.59440180      -2.04515924
    6360.40628170       0.59442164      -2.04517619
    6360.45002162       0.59444148      -2.04519313
    6360.49392247       0.59446131      -2.04521007
    6360.53798848       0.59448112      -2.04522700
    6360.58222383       0.59450092      -2.04524392
    6360.62663266       0.59452071      -2.04526084
    6360.67121909       0.59454049      -2.04527775
    6360.71598720       0.59456025      -2.04529466
    6360.76094103       0.59458000      -2.04531156
    6360.80608458       0.59459973      -2.04532845
    6360.85142184       0.59461945      -2.04534533
    6360.89695674       0.59463915      -2.04536221
    6360.94269317       0.59465884      -2.04537907
    6360.98863501       0.59467850      -2.04539593
    6361.03478607       0.59469815      -2.04541278
    6361.08115014       0.59471778      -2.04542963
    6361.12773099       0.59473738      -2.04544646
    6361.17453231       0.59475697      -2.04546329
    6361.22155780       0.59477653      -2.04548011
    6361.26881108       0.59479607      -2.04549692
    6361.31629577       0.59481559      -2.04551373
    6361.36401543       0.59483508      -2.04553053
    6361.41197358       0.59485454      -2.04554732
    6361.46016693       0.59487398      -2.04556411
    6361.50857656       0.59489341      -2.04558089
    6361.55718728       0.59491283      -2.04559765
    6361.60599652       0.59493225      -2.04561440
    6361.65500155       0.59495165      -2.04563113
    6361.70419946       0.59497105      -2.04564786
    6361.75358719       0.59499044      -2.04566457
    6361.80316148       0.59500982      -2.04568128
    6361.85291893       0.59502920      -2.04569797
    6361.90285594       0.59504856      -2.04571466
    6361.95296196       0.59506791      -2.04573133
    6362.00321950       0.59508725      -2.04574801
    6362.05365786       0.59510659      -2.04576468
    6362.10431846       0.59512592      -2.04578136
    6362.15520713       0.59514524      -2.04579804
    6362.20632961       0.59516456      -2.04581471
    6362.25769158       0.59518387      -2.04583139
    6362.30929863       0.59520317      -2.04584807
    6362.36115625       0.59522246      -2.04586475
    6362.41326988       0.59524175      -2.04588143
    6362.46564484       0.59526103      -2.04589812
    6362.51828639       0.59528030      -2.04591481
    6362.57119970       0.59529955      -2.04593150
    6362.62438985       0.59531880      -2.04594819
    6362.67786184       0.59533804      -2.04596489
    6362.73161090       0.59535727      -2.04598159
    6362.78562656       0.59537651      -2.04599829
    6362.83990665       0.59539576      -2.04601500
    6362.89445316       0.59541503      -2.04603171
    6362.94926807       0.59543431      -2.04604842
    6363.00435332       0.59545360      -2.04606514
    6363.05971084       0.59547290      -2.04608186
    6363.11534252       0.59549221      -2.04609859
    6363.17125023       0.59551153      -2.04611533
    6363.22743580       0.59553087      -2.04613207
    6363.28390106       0.59555021      -2.04614883
    6363.34064777       0.59556957      -2.04616560
    6363.39767769       0.59558893      -2.04618238
    6363.45499255       0.59560830      -2.04619917
    6363.51259402       0.59562768      -2.04621597
    6363.57048377       0.59564707      -2.04623280
    6363.62866342       0.59566647      -2.04624964
    6363.68713455       0.59568587      -2.04626649
    6363.74589872       0.59570528      -2.04628337
    6363.80495977       0.59572470      -2.04630027
    6363.86432804       0.59574413      -2.04631719
    6363.92401224       0.59576356      -2.04633414
    6363.98401514       0.59578300      -2.04635112
    6364.04442142       0.59580245      -2.04636813
    6364.10534865       0.59582191      -2.04638516
    6364.16683472       0.59584138      -2.04640222
    6364.22888339       0.59586086      -2.04641929
    6364.29149616       0.59588034      -2.04643638
    6364.35467439       0.59589983      -2.04645348
    6364.41841932       0.59591932      -2.04647061
    6364.48273204       0.59593881      -2.04648775
    6364.54761350       0.59595831      -2.04650491
    6364.61306450       0.59597781      -2.04652209
    6364.67908568       0.59599731      -2.04653928
    6364.74567755       0.59601681      -2.04655649
    6364.81284043       0.59603630      -2.04657372
    6364.88057449       0.59605580      -2.04659096
    6364.94887976       0.59607529      -2.04660821
    6365.01775606       0.59609478      -2.04662549
    6365.08720306       0.59611426      -2.04664278
    6365.15722026       0.59613374      -2.04666008
    6365.22780696       0.59615321      -2.04667740
    6365.29896230       0.59617267      -2.04669473
    6365.37068521       0.59619213      -2.04671208
    6365.44297444       0.59621157      -2.04672945
    6365.51582855       0.59623101      -2.04674683
    6365.58924591       0.59625043      -2.04676422
    6365.66322466       0.59626984      -2.04678163
    6365.73776277       0.59628924      -2.04679905
    6365.81283938       0.59630862      -2.04681649
    6365.88841886       0.59632799      -2.04683394
    6365.96448141       0.59634733      -2.04685141
    6366.04113632       0.59636666      -2.04686888
    6366.11860693       0.59638596      -2.04688637
    6366.19700954       0.59640524      -2.04690386
    6366.27635149       0.59642449      -2.04692137
    6366.35664002       0.59644372      -2.04693889
    6366.43788229       0.59646292      -2.04695642
    6366.52008535       0.59648209      -2.04697396
    6366.60325618       0.59650123      -2.04699151
    6366.68740164       0.59652035      -2.04700908
    6366.77252849       0.59653943      -2.04702666
    6366.85864338       0.59655849      -2.04704425
    6366.94575285       0.59657751      -2.04706186
    6367.03386332       0.59659650      -2.04707947
    6367.12298106       0.59661545      -2.04709711
    6367.21311226       0.59663438      -2.04711476
    6367.30426294       0.59665326      -2.04713242
    6367.39643900       0.59667212      -2.04715010
    6367.48964617       0.59669093      -2.04716779
    6367.58389006       0.59670971      -2.04718550
    6367.67917611       0.59672845      -2.04720323
    6367.77550961       0.59674716      -2.04722098
    6367.87289569       0.59676583      -2.04723875
    6367.97135449       0.59678445      -2.04725653
    6368.07128247       0.59680303      -2.04727433
    6368.12198170       0.59681229      -2.04728323
    6368.17322272       0.59682153      -2.04729213
    6368.22500817       0.59683075      -2.04730103
    6368.27734072       0.59683995      -2.04730993
    6368.33022303       0.59684913      -2.04731884
    6368.38365777       0.59685829      -2.04732774
    6368.43764763       0.59686743      -2.04733664
    6368.49219528       0.59687656      -2.04734555
    6368.54730344       0.59688566      -2.04735445
    6368.60297482       0.59689475      -2.04736335
    6368.65921212       0.59690381      -2.04737225
    6368.71601808       0.59691286      -2.04738115
    6368.77339545       0.59692189      -2.04739005
    6368.83134696       0.59693091      -2.04739895
    6368.88987537       0.59693990      -2.04740784
    6368.94898346       0.59694888      -2.04741674
    6369.00867402       0.59695785      -2.04742563
    6369.06894982       0.59696679      -2.04743453
    6369.12982951       0.59697572      -2.04744342
    6369.19133946       0.59698464      -2.04745232
    6369.25349182       0.59699354      -2.04746122
    6369.31629281       0.59700242      -2.04747013
    6369.37974863       0.59701129      -2.04747905
    6369.44386551       0.59702014      -2.04748798
    6369.50864969       0.59702898      -2.04749691
    6369.57410742       0.59703780      -2.04750586
    6369.64024495       0.59704660      -2.04751481
    6369.70706854       0.59705539      -2.04752378
    6369.77458449       0.59706416      -2.04753276
    6369.84279907       0.59707291      -2.04754176
    6369.91171860       0.59708165      -2.04755077
    6369.98134937       0.59709037      -2.04755979
    6370.05174026       0.59709906      -2.04756883
    6370.12294479       0.59710774      -2.04757790
    6370.19496314       0.59711640      -2.04758699
    6370.26778059       0.59712504      -2.04759611
    6370.34138453       0.59713366      -2.04760525
    6370.41576384       0.59714227      -2.04761442
    6370.49090830       0.59715086      -2.04762361
    6370.56680808       0.59715943      -2.04763283
    6370.64345321       0.59716799      -2.04764208
    6370.72083315       0.59717653      -2.04765136
    6370.79893635       0.59718506      -2.04766066
    6370.87774989       0.59719358      -2.04767000
    6370.95725906       0.59720208      -2.04767936
    6371.03744712       0.59721056      -2.04768876
    6371.11829497       0.59721904      -2.04769818
    6371.28145884       0.59723594      -2.04771710
    6371.36282453       0.59724440      -2.04772656
    6371.52382104       0.59726136      -2.04774537
    6371.60441049       0.59726984      -2.04775477
    6371.68565499       0.59727829      -2.04776419
    6371.76756212       0.59728673      -2.04777363
    6371.85013902       0.59729514      -2.04778308
    6371.93339235       0.59730353      -2.04779256
    6372.10119603       0.59731974      -2.04781226
