     1     1     1     0   355
       123  -0.72347999E-05
       124  -0.11829063E-03
       125  -0.99163170E-04
       126  -0.32424233E-05
       131  -0.36076559E-04
       132  -0.56740284E-03
       133  -0.46555166E-03
       134  -0.14694817E-04
       139  -0.11447458E-04
       140  -0.17271697E-03
       141  -0.13838868E-03
       142  -0.41969367E-05
       147  -0.10537816E-07
       148  -0.10770462E-06
       149  -0.64764818E-07
       150  -0.99322019E-09
       226  -0.20274038E-05
       227  -0.33380513E-02
       228  -0.30821724E-01
       229  -0.19812324E-01
       230  -0.46880886E-03
       234  -0.17707919E-03
       235  -0.36161319E-01
       236  -0.21998891E+00
       237  -0.11609095E+00
       238  -0.22568971E-02
       242  -0.39079788E-03
       243  -0.30263917E-01
       244  -0.11727271E+00
       245  -0.47022257E-01
       246  -0.69304529E-03
       250  -0.62109030E-04
       251  -0.18489717E-02
       252  -0.31025201E-02
       253  -0.46098258E-03
       254  -0.59704624E-06
       258  -0.10768152E-07
       259  -0.76144970E-07
       260  -0.33250632E-07
       261  -0.15752766E-09
       330  -0.26853509E-04
       331  -0.12911645E-01
       332  -0.88770818E-01
       333  -0.48978994E-01
       334  -0.98072870E-03
       337  -0.51207215E-06
       338  -0.72584376E-02
       339  -0.27333056E+00
       340  -0.88334407E+00
       341  -0.33282979E+00
       342  -0.48312074E-02
       345  -0.39690590E-04
       346  -0.39213249E-01
       347  -0.49677125E+00
       348  -0.76337333E+00
       349  -0.16732017E+00
       350  -0.15244771E-02
       353  -0.83795590E-04
       354  -0.22535117E-01
       355  -0.11939928E+00
       356  -0.69746392E-01
       357  -0.38960325E-02
       358  -0.17615969E-05
       361  -0.12684069E-04
       362  -0.10490991E-02
       363  -0.22721894E-02
       364  -0.35718296E-03
       365  -0.86038393E-07
       369  -0.16114385E-08
       370  -0.32195695E-07
       371  -0.29832038E-07
       372  -0.11359327E-08
       434  -0.20352402E-04
       435  -0.40426101E-02
       436  -0.19124397E-01
       437  -0.82788209E-02
       438  -0.12571716E-03
       441  -0.66579733E-05
       442  -0.15575414E-01
       443  -0.21891906E+00
       444  -0.34272215E+00
       445  -0.73446816E-01
       446  -0.63961910E-03
       449  -0.15869586E-02
       450  -0.19650036E+00
       451  -0.92983335E+00
       452  -0.58707155E+00
       453  -0.51922280E-01
       454  -0.20951484E-03
       457  -0.82361247E-02
       458  -0.30465445E+00
       459  -0.64196508E+00
       460  -0.15243263E+00
       461  -0.26423147E-02
       462  -0.33459951E-06
       465  -0.45886247E-02
       466  -0.73226790E-01
       467  -0.73769386E-01
       468  -0.50148287E-02
       469  -0.24638407E-06
       473  -0.20633744E-03
       474  -0.16408000E-02
       475  -0.82641927E-03
       476  -0.86774680E-05
       481  -0.48642399E-08
       482  -0.22430013E-07
       483  -0.64652414E-08
       484  -0.66927849E-12
       538  -0.60412585E-06
       539  -0.29798774E-04
       540  -0.49711014E-04
       541  -0.54595343E-05
       542  -0.78628104E-11
       545  -0.50128395E-05
       546  -0.33130496E-02
       547  -0.18962707E-01
       548  -0.10070983E-01
       549  -0.33488307E-03
       550  -0.91782291E-10
       553  -0.34311013E-02
       554  -0.13710892E+00
       555  -0.28744017E+00
       556  -0.63036003E-01
       557  -0.68804357E-03
       558  -0.59490825E-10
       561  -0.42758835E-01
       562  -0.61369769E+00
       563  -0.62764900E+00
       564  -0.53828036E-01
       565  -0.10784329E-03
       566  -0.10101754E-11
       569  -0.65593876E-01
       570  -0.51738038E+00
       571  -0.28925497E+00
       572  -0.70056240E-02
       573  -0.45128642E-07
       577  -0.14417524E-01
       578  -0.84183469E-01
       579  -0.31761527E-01
       580  -0.11614014E-03
       585  -0.21347409E-03
       586  -0.15346393E-02
       587  -0.70267659E-03
       588  -0.52320251E-05
       593  -0.63380111E-09
       594  -0.10954723E-07
       595  -0.92830428E-08
       596  -0.29560261E-09
       649  -0.14915290E-06
       650  -0.18677240E-04
       651  -0.39925334E-04
       652  -0.54490274E-05
       653  -0.32150297E-12
       657  -0.75284757E-03
       658  -0.12538399E-01
       659  -0.12085818E-01
       660  -0.66437257E-03
       661  -0.36021181E-11
       665  -0.31337174E-01
       666  -0.24408609E+00
       667  -0.13241635E+00
       668  -0.27259399E-02
       669  -0.22636137E-11
       673  -0.12144832E+00
       674  -0.75123162E+00
       675  -0.30801137E+00
       676  -0.21971118E-02
       677  -0.35652786E-13
       681  -0.69370175E-01
       682  -0.51295133E+00
       683  -0.26535313E+00
       684  -0.51076723E-02
       685  -0.18997449E-08
       689  -0.49501163E-02
       690  -0.68093830E-01
       691  -0.60567211E-01
       692  -0.32559537E-02
       693  -0.91191251E-08
       697  -0.12432839E-04
       698  -0.76830047E-03
       699  -0.14139774E-02
       700  -0.17618636E-03
       701  -0.27626500E-08
       706  -0.46506973E-09
       707  -0.26206508E-08
       708  -0.92145687E-09
       709  -0.11450065E-11
       761  -0.49152394E-05
       762  -0.39117825E-04
       763  -0.19029129E-04
       764  -0.14430316E-06
       769  -0.28462738E-02
       770  -0.15863726E-01
       771  -0.56372464E-02
       772  -0.11987999E-04
       777  -0.34042467E-01
       778  -0.25249558E+00
       779  -0.12993176E+00
       780  -0.23364003E-02
       781  -0.74632356E-13
       785  -0.48801870E-01
       786  -0.63784611E+00
       787  -0.60036074E+00
       788  -0.44357971E-01
       789  -0.54648549E-04
       790  -0.29328670E-14
       793  -0.96539845E-02
       794  -0.30478273E+00
       795  -0.56405153E+00
       796  -0.10913198E+00
       797  -0.10800417E-02
       798  -0.71947632E-11
       801  -0.10216075E-03
       802  -0.20376666E-01
       803  -0.88738012E-01
       804  -0.39913696E-01
       805  -0.12444346E-02
       806  -0.22672750E-10
       810  -0.42072448E-04
       811  -0.89520929E-03
       812  -0.10947943E-02
       813  -0.93533947E-04
       814  -0.44550823E-11
       873  -0.59650304E-05
       874  -0.43584474E-04
       875  -0.19663641E-04
       876  -0.11081784E-06
       881  -0.97286596E-03
       882  -0.14858294E-01
       883  -0.13558092E-01
       884  -0.68429852E-03
       885  -0.16204945E-12
       889  -0.45792653E-02
       890  -0.16358443E+00
       891  -0.31740125E+00
       892  -0.62702420E-01
       893  -0.55383857E-03
       894  -0.76867273E-12
       897  -0.21983648E-02
       898  -0.23061715E+00
       899  -0.95994222E+00
       900  -0.49313977E+00
       901  -0.24290395E-01
       902  -0.18895544E-08
       905  -0.60005405E-04
       906  -0.44317762E-01
       907  -0.44710207E+00
       908  -0.45985215E+00
       909  -0.42889383E-01
       910  -0.59554885E-08
       914  -0.40537114E-03
       915  -0.18419482E-01
       916  -0.35842747E-01
       917  -0.52048253E-02
       918  -0.11704154E-08
       985  -0.43671189E-06
       986  -0.38666057E-04
       987  -0.74426801E-04
       988  -0.90262719E-05
       989  -0.21263137E-13
       993  -0.13638722E-04
       994  -0.56429353E-02
       995  -0.28642283E-01
       996  -0.13805794E-01
       997  -0.40346408E-03
       998  -0.17936227E-11
      1001  -0.17836270E-04
      1002  -0.25246442E-01
      1003  -0.28927235E+00
      1004  -0.31722427E+00
      1005  -0.30850708E-01
      1006  -0.44108557E-08
      1009  -0.13760642E-05
      1010  -0.11410939E-01
      1011  -0.28473683E+00
      1012  -0.47568359E+00
      1013  -0.64024924E-01
      1014  -0.13902551E-07
      1018  -0.26904417E-03
      1019  -0.22068301E-01
      1020  -0.52318943E-01
      1021  -0.88580515E-02
      1022  -0.27323161E-08
      1098  -0.41661753E-05
      1099  -0.12544443E-03
      1100  -0.17147544E-03
      1101  -0.15266502E-04
      1102  -0.25536958E-12
      1106  -0.10311472E-03
      1107  -0.73428791E-02
      1108  -0.16100128E-01
      1109  -0.25303691E-02
      1110  -0.62828017E-09
      1114  -0.11941901E-03
      1115  -0.13645782E-01
      1116  -0.34413549E-01
      1117  -0.60545303E-02
      1118  -0.19803416E-08
      1122  -0.77584921E-05
      1123  -0.16908357E-02
      1124  -0.48371366E-02
      1125  -0.93383656E-03
      1126  -0.38921702E-09
      2719  -0.17013141E-05
      2720  -0.65182713E-03
      2721  -0.16329949E-02
      2722  -0.25159673E-03
      2732  -0.49084001E-04
      2733  -0.18805630E-01
      2734  -0.47112948E-01
      2735  -0.72587267E-02
      2745  -0.55347446E-04
      2746  -0.21205353E-01
      2747  -0.53124874E-01
      2748  -0.81849885E-02
      2758  -0.29596698E-05
      2759  -0.11339429E-02
      2760  -0.28408192E-02
      2761  -0.43768711E-03
      2889  -0.20629693E-04
      2890  -0.84180714E-04
      2891  -0.21468998E-04
      2892  -0.61796176E-11
      2902  -0.19588594E-02
      2903  -0.79932447E-02
      2904  -0.20385543E-02
      2905  -0.58677569E-09
      2915  -0.35450166E-02
      2916  -0.14465655E-01
      2917  -0.36892431E-02
      2918  -0.10619085E-08
      2928  -0.37329222E-03
      2929  -0.15232416E-02
      2930  -0.38847935E-03
      2931  -0.11181956E-09
      2972  -0.22631865E-08
      2973  -0.64714684E-05
      2974  -0.20649834E-04
      2975  -0.41098731E-05
      2985  -0.63454592E-06
      2986  -0.18144523E-02
      2987  -0.57897429E-02
      2988  -0.11523148E-02
      2998  -0.15005659E-05
      2999  -0.42907929E-02
      3000  -0.13691508E-01
      3001  -0.27249789E-02
      3011  -0.21686620E-06
      3012  -0.62011804E-03
      3013  -0.19787371E-02
      3014  -0.39382197E-03
      3043   0.30342039E+00
      3044  -0.13130487E+00
      3045  -0.42499554E-01
      3046  -0.10000000E+01
     1     1     2     0   304
      1586  -0.55807856E-08
      1587  -0.23785227E-03
      1588  -0.22902400E-02
      1589  -0.13806035E-02
      1590  -0.23653433E-04
      1594  -0.85201162E-07
      1595  -0.15727651E-02
      1596  -0.13714672E-01
      1597  -0.78042477E-02
      1598  -0.12240038E-03
      1602  -0.66965141E-07
      1603  -0.67268138E-03
      1604  -0.52842577E-02
      1605  -0.28161696E-02
      1606  -0.39815284E-04
      1610  -0.18397595E-08
      1611  -0.42341433E-05
      1612  -0.20380729E-04
      1613  -0.70052118E-05
      1614  -0.31457178E-07
      1690  -0.69521217E-04
      1691  -0.20164321E-01
      1692  -0.12211718E+00
      1693  -0.58996377E-01
      1694  -0.78551978E-03
      1697  -0.33322273E-06
      1698  -0.53564791E-02
      1699  -0.26778963E+00
      1700  -0.10046073E+01
      1701  -0.38599064E+00
      1702  -0.41579098E-02
      1705  -0.30597193E-05
      1706  -0.12751834E-01
      1707  -0.26446475E+00
      1708  -0.59833083E+00
      1709  -0.16922194E+00
      1710  -0.13864406E-02
      1713  -0.16974498E-05
      1714  -0.24668793E-02
      1715  -0.21327489E-01
      1716  -0.18762351E-01
      1717  -0.16841733E-02
      1718  -0.14561514E-05
      1721  -0.21091197E-07
      1722  -0.38240624E-05
      1723  -0.90284835E-05
      1724  -0.13733833E-05
      1725  -0.55421504E-12
      1794  -0.38379414E-03
      1795  -0.45912618E-01
      1796  -0.20743514E+00
      1797  -0.85365791E-01
      1798  -0.95918011E-03
      1801  -0.17120603E-03
      1802  -0.76576466E-01
      1803  -0.11287935E+01
      1804  -0.22863039E+01
      1805  -0.62524057E+00
      1806  -0.51406188E-02
      1809  -0.52496901E-02
      1810  -0.40472264E+00
      1811  -0.21637979E+01
      1812  -0.20140342E+01
      1813  -0.31777032E+00
      1814  -0.17372380E-02
      1817  -0.86732066E-02
      1818  -0.24237977E+00
      1819  -0.53194236E+00
      1820  -0.16535608E+00
      1821  -0.57390497E-02
      1822  -0.20817578E-05
      1825  -0.12123745E-02
      1826  -0.13625937E-01
      1827  -0.10794659E-01
      1828  -0.50615436E-03
      1829  -0.15258724E-10
      1833  -0.93693530E-06
      1834  -0.48145200E-05
      1835  -0.15579444E-05
      1836  -0.12149959E-08
      1898  -0.14562907E-03
      1899  -0.81485773E-02
      1900  -0.24167951E-01
      1901  -0.73784480E-02
      1902  -0.59223916E-04
      1905  -0.67153564E-03
      1906  -0.88225169E-01
      1907  -0.52420908E+00
      1908  -0.47609761E+00
      1909  -0.67861531E-01
      1910  -0.32432136E-03
      1913  -0.48611869E-01
      1914  -0.10769381E+01
      1915  -0.22346595E+01
      1916  -0.77305076E+00
      1917  -0.44758637E-01
      1918  -0.11213419E-03
      1921  -0.15976041E+00
      1922  -0.16571943E+01
      1923  -0.14987606E+01
      1924  -0.15876385E+00
      1925  -0.15570471E-02
      1926  -0.16376383E-06
      1929  -0.54409396E-01
      1930  -0.41827257E+00
      1931  -0.22963692E+00
      1932  -0.54378486E-02
      1933  -0.22669402E-09
      1937  -0.87878318E-03
      1938  -0.11641294E-01
      1939  -0.10429906E-01
      1940  -0.58521195E-03
      1941  -0.14798644E-09
      1945  -0.26584515E-08
      1946  -0.12481720E-05
      1947  -0.35658494E-05
      1948  -0.65853614E-06
      1949  -0.31171700E-11
      2002  -0.77299663E-06
      2003  -0.97748165E-05
      2004  -0.71701312E-05
      2005  -0.19915093E-06
      2009  -0.19936828E-03
      2010  -0.95121738E-02
      2011  -0.21059990E-01
      2012  -0.44432490E-02
      2013  -0.21962748E-04
      2017  -0.41408065E-01
      2018  -0.42419058E+00
      2019  -0.35872585E+00
      2020  -0.28307687E-01
      2021  -0.45881911E-04
      2025  -0.23715892E+00
      2026  -0.19308484E+01
      2027  -0.11807023E+01
      2028  -0.45109719E-01
      2029  -0.25579532E-04
      2033  -0.13591409E+00
      2034  -0.15477904E+01
      2035  -0.15637155E+01
      2036  -0.19060033E+00
      2037  -0.19089970E-02
      2038  -0.49905480E-08
      2041  -0.56187290E-02
      2042  -0.19159999E+00
      2043  -0.46479539E+00
      2044  -0.15123145E+00
      2045  -0.46796169E-02
      2046  -0.29886941E-07
      2049  -0.23132619E-06
      2050  -0.12192700E-02
      2051  -0.12354675E-01
      2052  -0.11130434E-01
      2053  -0.84830396E-03
      2054  -0.11082780E-07
      2058  -0.33487617E-11
      2059  -0.12397378E-06
      2060  -0.53467263E-06
      2061  -0.14626303E-06
      2062  -0.18388997E-10
      2113  -0.76576972E-06
      2114  -0.97831907E-05
      2115  -0.69701327E-05
      2116  -0.16452442E-06
      2121  -0.29034865E-02
      2122  -0.19524609E-01
      2123  -0.87447480E-02
      2124  -0.81289173E-04
      2129  -0.35209698E-01
      2130  -0.41966836E+00
      2131  -0.42631610E+00
      2132  -0.45716051E-01
      2133  -0.16691294E-03
      2137  -0.35755837E-01
      2138  -0.97917676E+00
      2139  -0.23813188E+01
      2140  -0.91859749E+00
      2141  -0.44440568E-01
      2142  -0.76292131E-06
      2145  -0.30771849E-02
      2146  -0.31489258E+00
      2147  -0.18811374E+01
      2148  -0.16127558E+01
      2149  -0.15561525E+00
      2150  -0.45814560E-05
      2153  -0.42086203E-06
      2154  -0.69320473E-02
      2155  -0.15472068E+00
      2156  -0.26216271E+00
      2157  -0.39048413E-01
      2158  -0.17031489E-05
      2162  -0.21527243E-09
      2163  -0.14628504E-04
      2164  -0.65173943E-04
      2165  -0.18361612E-04
      2166  -0.28707620E-08
      2225  -0.70120507E-06
      2226  -0.12349563E-04
      2227  -0.10955157E-04
      2228  -0.41103651E-06
      2233  -0.13853692E-03
      2234  -0.10335481E-01
      2235  -0.29448517E-01
      2236  -0.84003751E-02
      2237  -0.93839006E-04
      2241  -0.40164121E-03
      2242  -0.83415024E-01
      2243  -0.59990099E+00
      2244  -0.55282074E+00
      2245  -0.54297469E-01
      2246  -0.15777852E-05
      2249  -0.84417427E-04
      2250  -0.61446811E-01
      2251  -0.97974045E+00
      2252  -0.15195872E+01
      2253  -0.21913361E+00
      2254  -0.94810365E-05
      2257  -0.45757608E-07
      2258  -0.31627945E-02
      2259  -0.14487567E+00
      2260  -0.33259148E+00
      2261  -0.60814729E-01
      2262  -0.35266519E-05
      2266  -0.34306661E-09
      2267  -0.28462681E-04
      2268  -0.12785176E-03
      2269  -0.36282564E-04
      2270  -0.59665422E-08
      2338  -0.21226137E-05
      2339  -0.36283171E-04
      2340  -0.33690132E-04
      2341  -0.15545066E-05
      2346  -0.18499892E-03
      2347  -0.10574044E-01
      2348  -0.23534796E-01
      2349  -0.40466856E-02
      2350  -0.19557669E-06
      2354  -0.37265213E-03
      2355  -0.35582680E-01
      2356  -0.94900957E-01
      2357  -0.18744027E-01
      2358  -0.11761189E-05
      2362  -0.49357566E-04
      2363  -0.85178030E-02
      2364  -0.26172422E-01
      2365  -0.57037676E-02
      2366  -0.43777767E-06
      2370  -0.30709436E-10
      2371  -0.32962081E-05
      2372  -0.14944367E-04
      2373  -0.42758394E-05
      2374  -0.74380973E-09
      2720  -0.30457613E-04
      2721  -0.23293557E-03
      2722  -0.10754899E-03
      2723  -0.57850744E-06
      2733  -0.42130951E-02
      2734  -0.32221163E-01
      2735  -0.14876875E-01
      2736  -0.80022910E-04
      2746  -0.84828750E-02
      2747  -0.64875844E-01
      2748  -0.29953910E-01
      2749  -0.16112248E-03
      2759  -0.10179069E-02
      2760  -0.77848101E-02
      2761  -0.35943348E-02
      2762  -0.19333975E-04
      2903   0.22675110E-03
      2904   0.10501025E-02
      2905   0.30377032E-03
      2906   0.30549591E-07
      2916   0.60634051E-02
      2917   0.28080114E-01
      2918   0.81229265E-02
      2919   0.81690694E-06
      2929   0.65757407E-02
      2930   0.30452781E-01
      2931   0.88092841E-02
      2932   0.88593260E-06
      2942   0.32942962E-03
      2943   0.15256149E-02
      2944   0.44132505E-03
      2945   0.44383203E-07
      2959   0.13686194E-04
      2960   0.85226802E-04
      2961   0.32751367E-04
      2962   0.67990112E-07
      2972   0.24272168E-02
      2973   0.15114788E-01
      2974   0.58083836E-02
      2975   0.12057898E-04
      2985   0.51992282E-02
      2986   0.32376684E-01
      2987   0.12441868E-01
      2988   0.25828663E-04
      2998   0.67115598E-03
      2999   0.41794290E-02
      3000   0.16060911E-02
      3001   0.33341606E-05
      3043   0.26651682E+00
      3044  -0.18304663E+00
      3045  -0.81079147E-01
      3046  -0.10000000E+01
     1     1     3     0   436
       233  -0.36880227E-09
       234  -0.16388835E-08
       235  -0.45507982E-09
       236  -0.17669514E-13
       241  -0.42066480E-08
       242  -0.18693533E-07
       243  -0.51907674E-08
       244  -0.20155240E-12
       249  -0.26764566E-08
       250  -0.11893672E-07
       251  -0.33026052E-08
       252  -0.12824120E-12
       257  -0.42972209E-10
       258  -0.19096109E-09
       259  -0.53025778E-10
       260  -0.20591988E-14
       337  -0.39154129E-03
       338  -0.17448231E-02
       339  -0.48585449E-03
       340  -0.20407477E-07
       345  -0.76334038E-02
       346  -0.34103013E-01
       347  -0.95203112E-02
       348  -0.43042650E-06
       353  -0.80289699E-02
       354  -0.35973009E-01
       355  -0.10071217E-01
       356  -0.49394969E-06
       361  -0.53001340E-03
       362  -0.23909873E-02
       363  -0.67399395E-03
       364  -0.39545207E-07
       369  -0.35094700E-07
       370  -0.16389955E-06
       371  -0.47809862E-07
       372  -0.56674914E-11
       441  -0.20567445E-02
       442  -0.91750925E-02
       443  -0.25575315E-02
       444  -0.11064467E-06
       449  -0.57767369E-01
       450  -0.25966227E+00
       451  -0.72938209E-01
       452  -0.39816769E-05
       457  -0.99958445E-01
       458  -0.45574679E+00
       459  -0.12990397E+00
       460  -0.10975213E-04
       465  -0.21596758E-01
       466  -0.10192650E+00
       467  -0.30100967E-01
       468  -0.55659331E-05
       473  -0.45367706E-03
       474  -0.23254207E-02
       475  -0.74531179E-03
       476  -0.39624427E-06
       481  -0.14757360E-07
       482  -0.91703067E-07
       483  -0.35196528E-07
       484  -0.73403160E-10
       545  -0.73364339E-03
       546  -0.32773124E-02
       547  -0.91480827E-03
       548  -0.41123874E-07
       553  -0.38015238E-01
       554  -0.17295562E+00
       555  -0.49185149E-01
       556  -0.38085960E-05
       561  -0.14694560E+00
       562  -0.69895031E+00
       563  -0.20839247E+00
       564  -0.54589977E-04
       569  -0.10717301E+00
       570  -0.56216691E+00
       571  -0.18673764E+00
       572  -0.23967795E-03
       577  -0.14866194E-01
       578  -0.94918634E-01
       579  -0.38854778E-01
       580  -0.19728983E-03
       585  -0.18521684E-03
       586  -0.18045703E-02
       587  -0.10638289E-02
       588  -0.16727506E-04
       593  -0.75085255E-09
       594  -0.19081907E-07
       595  -0.20211272E-07
       596  -0.97762140E-09
       649  -0.36489376E-05
       650  -0.16422031E-04
       651  -0.46179168E-05
       652  -0.25064496E-09
       657  -0.23500434E-02
       658  -0.11056603E-01
       659  -0.32522221E-02
       660  -0.50637935E-06
       665  -0.41783519E-01
       666  -0.21913730E+00
       667  -0.72563436E-01
       668  -0.80423495E-04
       673  -0.10982993E+00
       674  -0.71727574E+00
       675  -0.30786632E+00
       676  -0.24800600E-02
       677  -0.36700121E-12
       681  -0.53063841E-01
       682  -0.50802679E+00
       683  -0.32661893E+00
       684  -0.94013355E-02
       685  -0.16525655E-07
       689  -0.34933627E-02
       690  -0.66819428E-01
       691  -0.72666406E-01
       692  -0.50871551E-02
       693  -0.72322161E-07
       697  -0.72969621E-05
       698  -0.74068418E-03
       699  -0.16347947E-02
       700  -0.25021749E-03
       701  -0.20202419E-07
       706  -0.60250555E-09
       707  -0.40477959E-08
       708  -0.16748894E-08
       709  -0.56547266E-11
       761  -0.38836044E-05
       762  -0.19844695E-04
       763  -0.63266848E-05
       764  -0.28258220E-08
       769  -0.19282881E-02
       770  -0.12424121E-01
       771  -0.50581061E-02
       772  -0.20998946E-04
       777  -0.22535368E-01
       778  -0.22350458E+00
       779  -0.14606760E+00
       780  -0.41108549E-02
       781  -0.39123113E-10
       785  -0.31718049E-01
       786  -0.57847338E+00
       787  -0.66516250E+00
       788  -0.60678391E-01
       789  -0.88451399E-04
       790  -0.12788949E-13
       793  -0.59414793E-02
       794  -0.27415650E+00
       795  -0.60025383E+00
       796  -0.13360834E+00
       797  -0.15004549E-02
       798  -0.16645456E-10
       801  -0.50989336E-04
       802  -0.17899469E-01
       803  -0.90950886E-01
       804  -0.45760441E-01
       805  -0.16068485E-02
       806  -0.49365063E-10
       810  -0.34679818E-04
       811  -0.88403915E-03
       812  -0.11863654E-02
       813  -0.11197621E-03
       814  -0.91090276E-11
       873  -0.29227328E-05
       874  -0.29860916E-04
       875  -0.17750212E-04
       876  -0.25155130E-06
       881  -0.55047754E-03
       882  -0.12320723E-01
       883  -0.14004223E-01
       884  -0.95317128E-03
       885  -0.73677711E-10
       889  -0.25521232E-02
       890  -0.13869719E+00
       891  -0.32146036E+00
       892  -0.73738382E-01
       893  -0.75805817E-03
       894  -0.23080887E-11
       897  -0.11515130E-02
       898  -0.19466804E+00
       899  -0.94608199E+00
       900  -0.53496652E+00
       901  -0.27955676E-01
       902  -0.30101025E-08
       905  -0.25580682E-04
       906  -0.36671424E-01
       907  -0.42809920E+00
       908  -0.47194907E+00
       909  -0.45953155E-01
       910  -0.89288124E-08
       914  -0.31251819E-03
       915  -0.16798659E-01
       916  -0.34341100E-01
       917  -0.51620194E-02
       918  -0.16479229E-08
       985  -0.16734126E-06
       986  -0.28900122E-04
       987  -0.67601530E-04
       988  -0.10209253E-04
       989  -0.81828303E-11
       993  -0.47763559E-05
       994  -0.44666112E-02
       995  -0.26970075E-01
       996  -0.14734036E-01
       997  -0.49955769E-03
       998  -0.49649801E-11
      1001  -0.58078196E-05
      1002  -0.19946944E-01
      1003  -0.26799883E+00
      1004  -0.31639707E+00
      1005  -0.32248234E-01
      1006  -0.64780461E-08
      1009  -0.39088997E-06
      1010  -0.88518975E-02
      1011  -0.25712853E+00
      1012  -0.45209103E+00
      1013  -0.62841700E-01
      1014  -0.19216601E-07
      1018  -0.19558099E-03
      1019  -0.18979408E-01
      1020  -0.46678890E-01
      1021  -0.81081101E-02
      1022  -0.35468303E-08
      1098  -0.28722995E-05
      1099  -0.10929913E-03
      1100  -0.16632452E-03
      1101  -0.16753029E-04
      1102  -0.64411248E-12
      1106  -0.69937708E-04
      1107  -0.62136316E-02
      1108  -0.14385184E-01
      1109  -0.23516251E-02
      1110  -0.84084218E-09
      1114  -0.79507167E-04
      1115  -0.11212839E-01
      1116  -0.29435619E-01
      1117  -0.53290188E-02
      1118  -0.24944226E-08
      1122  -0.49604671E-05
      1123  -0.13273837E-02
      1124  -0.39129528E-02
      1125  -0.77245130E-03
      1126  -0.46042353E-09
      1467  -0.86698086E-07
      1468  -0.16723810E-05
      1469  -0.15326651E-05
      1470  -0.58139565E-07
      1474  -0.42625182E-07
      1475  -0.33898910E-03
      1476  -0.36492460E-02
      1477  -0.25458487E-02
      1478  -0.68099923E-04
      1482  -0.32814386E-06
      1483  -0.13551648E-02
      1484  -0.12789231E-01
      1485  -0.83203944E-02
      1486  -0.20439355E-03
      1490  -0.15369101E-06
      1491  -0.36088087E-03
      1492  -0.29318515E-02
      1493  -0.17478373E-02
      1494  -0.38511101E-04
      1498  -0.94193622E-09
      1499  -0.27692055E-06
      1500  -0.79543822E-06
      1501  -0.15559022E-06
      1502  -0.19176044E-10
      1571  -0.32856876E-05
      1572  -0.61936927E-04
      1573  -0.56080158E-04
      1574  -0.20859309E-05
      1577  -0.13154144E-06
      1578  -0.77659792E-03
      1579  -0.48068064E-01
      1580  -0.24644677E+00
      1581  -0.12801691E+00
      1582  -0.26853041E-02
      1585  -0.10324436E-03
      1586  -0.22934516E-01
      1587  -0.39424979E+00
      1588  -0.11620136E+01
      1589  -0.47046275E+00
      1590  -0.82086249E-02
      1593  -0.37755113E-03
      1594  -0.34412305E-01
      1595  -0.26252254E+00
      1596  -0.41624995E+00
      1597  -0.11721491E+00
      1598  -0.15805455E-02
      1601  -0.96056508E-04
      1602  -0.39283068E-02
      1603  -0.11245171E-01
      1604  -0.44401696E-02
      1605  -0.16118149E-03
      1606  -0.20816641E-08
      1609  -0.92854528E-07
      1610  -0.72630616E-06
      1611  -0.35622793E-06
      1612  -0.31875420E-08
      1675  -0.42333755E-05
      1676  -0.78927440E-04
      1677  -0.71045807E-04
      1678  -0.26172155E-05
      1681  -0.27312454E-05
      1682  -0.50815443E-02
      1683  -0.13658466E+00
      1684  -0.46018436E+00
      1685  -0.19566221E+00
      1686  -0.35368403E-02
      1689  -0.79822597E-02
      1690  -0.31854097E+00
      1691  -0.18300999E+01
      1692  -0.27130129E+01
      1693  -0.77582062E+00
      1694  -0.10912180E-01
      1697  -0.45443961E-01
      1698  -0.84534903E+00
      1699  -0.20424740E+01
      1700  -0.13195319E+01
      1701  -0.21515331E+00
      1702  -0.21240001E-02
      1705  -0.18086694E-01
      1706  -0.20282538E+00
      1707  -0.21748600E+00
      1708  -0.34622753E-01
      1709  -0.59574932E-03
      1710  -0.39342407E-08
      1713  -0.10415368E-03
      1714  -0.59918790E-03
      1715  -0.22233690E-03
      1716  -0.72541023E-06
      1779  -0.28060889E-06
      1780  -0.51413659E-05
      1781  -0.45846373E-05
      1782  -0.16627426E-06
      1785  -0.26329951E-05
      1786  -0.23470638E-02
      1787  -0.31344667E-01
      1788  -0.59997636E-01
      1789  -0.17766254E-01
      1790  -0.24374023E-03
      1793  -0.16327998E-01
      1794  -0.32573967E+00
      1795  -0.81988472E+00
      1796  -0.52005513E+00
      1797  -0.80725481E-01
      1798  -0.76351148E-03
      1801  -0.10627346E+00
      1802  -0.12452558E+01
      1803  -0.15267664E+01
      1804  -0.38460437E+00
      1805  -0.26646058E-01
      1806  -0.15124895E-03
      1809  -0.46573928E-01
      1810  -0.39892746E+00
      1811  -0.28489978E+00
      1812  -0.21278860E-01
      1813  -0.15057081E-03
      1814  -0.43831557E-09
      1817  -0.32580495E-03
      1818  -0.18191212E-02
      1819  -0.65276602E-03
      1820  -0.17239465E-05
      1889  -0.11150329E-06
      1890  -0.27722274E-04
      1891  -0.98711021E-04
      1892  -0.28287162E-04
      1893  -0.13196917E-06
      1897  -0.22584512E-02
      1898  -0.24416021E-01
      1899  -0.22355145E-01
      1900  -0.20084718E-02
      1901  -0.27352625E-05
      1905  -0.16640007E-01
      1906  -0.13727976E+00
      1907  -0.88862648E-01
      1908  -0.42900313E-02
      1909  -0.26319434E-05
      1913  -0.79066075E-02
      1914  -0.55624340E-01
      1915  -0.28381373E-01
      1916  -0.68806630E-03
      1917  -0.11091063E-06
      1921  -0.64556755E-04
      1922  -0.35094589E-03
      1923  -0.12212542E-03
      1924  -0.25687254E-06
      2719  -0.12389171E-04
      2720  -0.19648669E-02
      2721  -0.40964633E-02
      2722  -0.51230637E-03
      2732  -0.24940523E-03
      2733  -0.39554549E-01
      2734  -0.82465515E-01
      2735  -0.10313191E-01
      2745  -0.23112336E-03
      2746  -0.36655127E-01
      2747  -0.76420639E-01
      2748  -0.95572150E-02
      2758  -0.87261535E-05
      2759  -0.13839287E-02
      2760  -0.28852913E-02
      2761  -0.36083642E-03
      2888  -0.28577057E-06
      2889  -0.17879906E-03
      2890  -0.48396614E-03
      2891  -0.81084747E-04
      2901  -0.93785905E-05
      2902  -0.58679351E-02
      2903  -0.15883092E-01
      2904  -0.26610880E-02
      2914  -0.11266916E-04
      2915  -0.70494101E-02
      2916  -0.19081061E-01
      2917  -0.31968828E-02
      2927  -0.66742400E-06
      2928  -0.41758948E-03
      2929  -0.11303145E-02
      2930  -0.18937536E-03
      2972  -0.73102107E-08
      2973  -0.10823800E-04
      2974  -0.32532778E-04
      2975  -0.60871408E-05
      2985  -0.14039030E-05
      2986  -0.20786768E-02
      2987  -0.62478177E-02
      2988  -0.11690162E-02
      2998  -0.30635228E-05
      2999  -0.45359784E-02
      3000  -0.13633657E-01
      3001  -0.25509654E-02
      3011  -0.40406183E-06
      3012  -0.59827066E-03
      3013  -0.17982045E-02
      3014  -0.33645833E-03
      3043   0.51494745E+00
      3044  -0.20238125E+00
      3045  -0.50129141E-01
      3046  -0.10000000E+01
     1     1     4     0   372
       115  -0.36534244E-06
       116  -0.70638184E-05
       117  -0.64889137E-05
       118  -0.24783105E-06
       122  -0.72077202E-10
       123  -0.18140394E-03
       124  -0.25275277E-02
       125  -0.19770698E-02
       126  -0.60014160E-04
       130  -0.62482555E-09
       131  -0.56290089E-03
       132  -0.69889258E-02
       133  -0.51361427E-02
       134  -0.14242957E-03
       138  -0.32164589E-09
       139  -0.11951156E-03
       140  -0.12861319E-02
       141  -0.86795018E-03
       142  -0.21130158E-04
       146  -0.27083957E-11
       147  -0.47859025E-07
       148  -0.21186108E-06
       149  -0.60786478E-07
       150  -0.35399813E-10
       219  -0.93996644E-05
       220  -0.17593089E-03
       221  -0.15883500E-03
       222  -0.58959619E-05
       226  -0.22231244E-04
       227  -0.12852917E-01
       228  -0.10663007E+00
       229  -0.66699605E-01
       230  -0.16004979E-02
       233  -0.13113516E-10
       234  -0.86340625E-03
       235  -0.86344582E-01
       236  -0.43197991E+00
       237  -0.21053690E+00
       238  -0.39689312E-02
       241  -0.11132280E-09
       242  -0.14541455E-02
       243  -0.54771616E-01
       244  -0.15207900E+00
       245  -0.49625746E-01
       246  -0.62651154E-03
       249  -0.56314287E-10
       250  -0.18389476E-03
       251  -0.26574097E-02
       252  -0.26850041E-02
       253  -0.19749970E-03
       254  -0.55615123E-08
       257  -0.44485499E-12
       258  -0.29586026E-07
       259  -0.12588034E-06
       260  -0.33970683E-07
       261  -0.47405451E-11
       323  -0.10069053E-04
       324  -0.18495489E-03
       325  -0.16527995E-03
       326  -0.60308551E-05
       330  -0.17907860E-03
       331  -0.31046521E-01
       332  -0.17440060E+00
       333  -0.89418461E-01
       334  -0.17677295E-02
       337  -0.43904958E-05
       338  -0.17891420E-01
       339  -0.42322123E+00
       340  -0.10441690E+01
       341  -0.33657193E+00
       342  -0.45127532E-02
       345  -0.16422978E-03
       346  -0.72128030E-01
       347  -0.61698849E+00
       348  -0.66908244E+00
       349  -0.10572504E+00
       350  -0.74112702E-03
       353  -0.26972152E-03
       354  -0.34542382E-01
       355  -0.12725959E+00
       356  -0.49507324E-01
       357  -0.13119677E-02
       358  -0.11707959E-07
       361  -0.32843409E-04
       362  -0.14085144E-02
       363  -0.22214116E-02
       364  -0.23061896E-03
       365  -0.74525264E-09
       369  -0.37044092E-08
       370  -0.51789366E-07
       371  -0.38220749E-07
       372  -0.90200984E-09
       427  -0.50083126E-06
       428  -0.88883591E-05
       429  -0.77912494E-05
       430  -0.27506843E-06
       434  -0.97410246E-04
       435  -0.67108224E-02
       436  -0.21741277E-01
       437  -0.74614051E-02
       438  -0.94699789E-04
       441  -0.36254292E-04
       442  -0.27770777E-01
       443  -0.25529006E+00
       444  -0.27527987E+00
       445  -0.40816642E-01
       446  -0.25607395E-03
       449  -0.35262510E-02
       450  -0.27178816E+00
       451  -0.93306145E+00
       452  -0.40416963E+00
       453  -0.20719699E-01
       454  -0.45296671E-04
       457  -0.14001050E-01
       458  -0.36897148E+00
       459  -0.59275023E+00
       460  -0.95249447E-01
       461  -0.68511339E-03
       462  -0.14919254E-08
       465  -0.66282155E-02
       466  -0.82027391E-01
       467  -0.66163561E-01
       468  -0.29392548E-02
       469  -0.15691734E-08
       473  -0.26848929E-03
       474  -0.18053518E-02
       475  -0.77622619E-03
       476  -0.44834423E-05
       481  -0.74302637E-08
       482  -0.35238465E-07
       483  -0.10448311E-07
       484  -0.18545131E-11
       538  -0.16258964E-05
       539  -0.29613486E-04
       540  -0.28223430E-04
       541  -0.13273192E-05
       545  -0.20227344E-04
       546  -0.45427757E-02
       547  -0.17290045E-01
       548  -0.58767171E-02
       549  -0.70858012E-04
       553  -0.56925183E-02
       554  -0.15746426E+00
       555  -0.24891893E+00
       556  -0.36194053E-01
       557  -0.12546066E-03
       561  -0.56486872E-01
       562  -0.65357100E+00
       563  -0.53749726E+00
       564  -0.30222313E-01
       565  -0.15180624E-04
       569  -0.76602628E-01
       570  -0.53487476E+00
       571  -0.25704768E+00
       572  -0.37814864E-02
       573  -0.20000193E-09
       577  -0.15369514E-01
       578  -0.87494150E-01
       579  -0.32014313E-01
       580  -0.94014103E-04
       585  -0.21672778E-03
       586  -0.16476254E-02
       587  -0.79214521E-03
       588  -0.69686813E-05
       593  -0.79241101E-09
       594  -0.14809298E-07
       595  -0.13170401E-07
       596  -0.46221436E-09
       649  -0.36361172E-06
       650  -0.18688483E-04
       651  -0.28620795E-04
       652  -0.25418711E-05
       657  -0.99439973E-03
       658  -0.12508898E-01
       659  -0.95944021E-02
       660  -0.33304709E-03
       665  -0.34995557E-01
       666  -0.24033821E+00
       667  -0.11196064E+00
       668  -0.13583691E-02
       673  -0.12396785E+00
       674  -0.74480579E+00
       675  -0.29437148E+00
       676  -0.17217683E-02
       677  -0.21576781E-14
       681  -0.67406216E-01
       682  -0.51592293E+00
       683  -0.27682934E+00
       684  -0.58293828E-02
       685  -0.33441075E-08
       689  -0.47263262E-02
       690  -0.69127041E-01
       691  -0.64079719E-01
       692  -0.36525041E-02
       693  -0.15936936E-07
       697  -0.11656726E-04
       698  -0.79055983E-03
       699  -0.15106645E-02
       700  -0.19685486E-03
       701  -0.48034447E-08
       706  -0.60326959E-09
       707  -0.35253111E-08
       708  -0.12832245E-08
       709  -0.20509336E-11
       761  -0.50668171E-05
       762  -0.33910460E-04
       763  -0.14108264E-04
       764  -0.54202470E-07
       769  -0.27134443E-02
       770  -0.14809565E-01
       771  -0.51364180E-02
       772  -0.88326963E-05
       777  -0.31566363E-01
       778  -0.24396508E+00
       779  -0.13082825E+00
       780  -0.25922040E-02
       781  -0.33945232E-12
       785  -0.44994355E-01
       786  -0.62497209E+00
       787  -0.61266161E+00
       788  -0.47347279E-01
       789  -0.60358333E-04
       790  -0.38680379E-14
       793  -0.88457266E-02
       794  -0.30044433E+00
       795  -0.57566158E+00
       796  -0.11471304E+00
       797  -0.11673903E-02
       798  -0.86210088E-11
       801  -0.91301699E-04
       802  -0.20179856E-01
       803  -0.90579911E-01
       804  -0.41677726E-01
       805  -0.13334188E-02
       806  -0.26943226E-10
       810  -0.41718290E-04
       811  -0.91660308E-03
       812  -0.11411318E-02
       813  -0.99514142E-04
       814  -0.52492811E-11
       873  -0.49207898E-05
       874  -0.38078790E-04
       875  -0.18051460E-04
       876  -0.12328315E-06
       881  -0.85093744E-03
       882  -0.13987160E-01
       883  -0.13352811E-01
       884  -0.71765574E-03
       885  -0.70735871E-12
       889  -0.40293872E-02
       890  -0.15651958E+00
       891  -0.31533386E+00
       892  -0.64300427E-01
       893  -0.58512477E-03
       894  -0.91278072E-12
       897  -0.19273760E-02
       898  -0.22237780E+00
       899  -0.95629497E+00
       900  -0.50136924E+00
       901  -0.25000264E-01
       902  -0.20385280E-08
       905  -0.51370611E-04
       906  -0.42907990E-01
       907  -0.44558659E+00
       908  -0.46466197E+00
       909  -0.43698009E-01
       910  -0.63720681E-08
       914  -0.39137730E-03
       915  -0.18301202E-01
       916  -0.35919845E-01
       917  -0.52469778E-02
       918  -0.12416632E-08
       985  -0.34172873E-06
       986  -0.34491440E-04
       987  -0.69162820E-04
       988  -0.87863008E-05
       989  -0.88492667E-13
       993  -0.10745186E-04
       994  -0.52644092E-02
       995  -0.27774155E-01
       996  -0.13760083E-01
       997  -0.41444969E-03
       998  -0.20842652E-11
      1001  -0.14008909E-04
      1002  -0.23808894E-01
      1003  -0.28264317E+00
      1004  -0.31514328E+00
      1005  -0.30965501E-01
      1006  -0.46567468E-08
      1009  -0.10678466E-05
      1010  -0.10809792E-01
      1011  -0.27852121E+00
      1012  -0.47035991E+00
      1013  -0.63726130E-01
      1014  -0.14556636E-07
      1018  -0.25441572E-03
      1019  -0.21516146E-01
      1020  -0.51357126E-01
      1021  -0.87355018E-02
      1022  -0.28366077E-08
      1098  -0.37152398E-05
      1099  -0.11794412E-03
      1100  -0.16514778E-03
      1101  -0.15102768E-04
      1102  -0.28957609E-12
      1106  -0.93113476E-04
      1107  -0.69894191E-02
      1108  -0.15527537E-01
      1109  -0.24630159E-02
      1110  -0.64728068E-09
      1114  -0.10828155E-03
      1115  -0.12992271E-01
      1116  -0.33071072E-01
      1117  -0.58555081E-02
      1118  -0.20234262E-08
      1122  -0.70512842E-05
      1123  -0.16053022E-02
      1124  -0.46214765E-02
      1125  -0.89624228E-03
      1126  -0.39431401E-09
      2719  -0.33471370E-04
      2720  -0.29480521E-02
      2721  -0.52118868E-02
      2722  -0.53285045E-03
      2732  -0.54336021E-03
      2733  -0.47857442E-01
      2734  -0.84607587E-01
      2735  -0.86500710E-02
      2745  -0.44115767E-03
      2746  -0.38855767E-01
      2747  -0.68693447E-01
      2748  -0.70230486E-02
      2758  -0.12752253E-04
      2759  -0.11231780E-02
      2760  -0.19856760E-02
      2761  -0.20301062E-03
      2888  -0.65320839E-05
      2889  -0.98928209E-03
      2890  -0.20388631E-02
      2891  -0.25153405E-03
      2901  -0.13860836E-03
      2902  -0.20992193E-01
      2903  -0.43263907E-01
      2904  -0.53374577E-02
      2914  -0.13243972E-03
      2915  -0.20057954E-01
      2916  -0.41338485E-01
      2917  -0.50999189E-02
      2927  -0.52975542E-05
      2928  -0.80231295E-03
      2929  -0.16535287E-02
      2930  -0.20399543E-03
      2972  -0.28637672E-08
      2973  -0.74105361E-05
      2974  -0.23454337E-04
      2975  -0.46291388E-05
      2985  -0.72148185E-06
      2986  -0.18669699E-02
      2987  -0.59089575E-02
      2988  -0.11662399E-02
      2998  -0.16698779E-05
      2999  -0.43211229E-02
      3000  -0.13676349E-01
      3001  -0.26992754E-02
      3011  -0.23557260E-06
      3012  -0.60958839E-03
      3013  -0.19293465E-02
      3014  -0.38079152E-03
      3043   0.52230034E+00
      3044  -0.18562901E+00
      3045  -0.37231764E-01
      3046  -0.10000000E+01
